[gd_scene load_steps=8 format=2]

[ext_resource path="res://Scripts/Player.cs" type="Script" id=1]
[ext_resource path="res://Scenes/Leg.tscn" type="PackedScene" id=2]

[sub_resource type="CapsuleShape" id=2]

[sub_resource type="CapsuleMesh" id=1]
mid_height = 0.001

[sub_resource type="SpatialMaterial" id=3]

[sub_resource type="SphereMesh" id=4]

[sub_resource type="SpatialMaterial" id=5]
albedo_color = Color( 1, 0.0470588, 0.0470588, 1 )

[node name="Player" type="Spatial"]
script = ExtResource( 1 )
headNode = NodePath("Body")
legPaths = [ NodePath("Body/Legs/FrontLeg"), NodePath("Body/Legs/FrontLeftLeg"), NodePath("Body/Legs/FrontRightLeg"), NodePath("Body/Legs/Leg4"), NodePath("Body/Legs/Leg5"), NodePath("Body/Legs/Leg6"), NodePath("Body/Legs/Leg7"), NodePath("Body/Legs/Leg8") ]
impulseMultiplier = 10

[node name="Body" type="KinematicBody" parent="."]
transform = Transform( 1, 0, 0, 0, 1, 0, 0, 0, 1, 0, 1, 0 )

[node name="CollisionShape" type="CollisionShape" parent="Body"]
transform = Transform( 1, 0, 0, 0, -4.37114e-08, 1, 0, -1, -4.37114e-08, 0, 0, 0 )
shape = SubResource( 2 )

[node name="Head" type="Spatial" parent="Body"]

[node name="MeshInstance" type="MeshInstance" parent="Body/Head"]
transform = Transform( 1, 0, 0, 0, 1.5, 0, 0, 0, 1, 0, 0, 0 )
mesh = SubResource( 1 )
skeleton = NodePath("")
material/0 = SubResource( 3 )

[node name="Face" type="MeshInstance" parent="Body/Head"]
transform = Transform( 1, 0, 0, 0, 1, 0, 0, 0, 1, 0, 0.3, 0.3 )
mesh = SubResource( 4 )
material/0 = SubResource( 5 )

[node name="Legs" type="Spatial" parent="Body"]
transform = Transform( 1, 0, 0, 0, 1, 0, 0, 0, 1, 0, -1, 0 )

[node name="FrontLeg" parent="Body/Legs" instance=ExtResource( 2 )]
transform = Transform( 1.19249e-08, 0, -1, 0, 1, 0, 1, 0, 1.19249e-08, 0, 0, 1.36094 )

[node name="FrontLeftLeg" parent="Body/Legs" instance=ExtResource( 2 )]
transform = Transform( 0.660605, 0, -0.750734, 0, 1, 0, 0.750734, 0, 0.660605, 0.785158, 0, 1.03641 )

[node name="FrontRightLeg" parent="Body/Legs" instance=ExtResource( 2 )]
transform = Transform( -0.583669, 0, -0.811992, 0, 1, 0, 0.811992, 0, -0.583669, -0.806095, 0, 0.973595 )

[node name="Leg4" parent="Body/Legs" instance=ExtResource( 2 )]

[node name="Leg5" parent="Body/Legs" instance=ExtResource( 2 )]
transform = Transform( 0.593194, 0, 0.80506, 0, 1, 0, -0.80506, 0, 0.593194, 0.795627, 0, -0.879377 )

[node name="Leg6" parent="Body/Legs" instance=ExtResource( 2 )]
transform = Transform( -4.37114e-08, 0, 1, 0, 1, 0, -1, 0, -4.37114e-08, 0, 0, -1.15156 )

[node name="Leg7" parent="Body/Legs" instance=ExtResource( 2 )]
transform = Transform( -0.675256, 0, 0.737584, 0, 1, 0, -0.737584, 0, -0.675256, -0.785158, 0, -0.837501 )

[node name="Leg8" parent="Body/Legs" instance=ExtResource( 2 )]
transform = Transform( -1, 0, -8.74228e-08, 0, 1, 0, 8.74228e-08, 0, -1, -1.16203, 0, 0 )
